L
5
50
//castle room 0
(0,0,9,#)
(0,0,11,#)
(0,0,13,#)
(0,0,15,.)
(0,0,19,.)
(0,0,28,.)
(0,0,38,#)
(0,0,41,7)
(0,0,46,#)
(0,1,4,#)
(0,1,6,.)
(0,1,10,#)
(0,1,11,#)
(0,1,12,.)
(0,1,16,.)
(0,1,17,#)
(0,1,22,#)
(0,1,29,#)
(0,1,31,#)
(0,1,42,.)
(0,1,45,1)
(0,1,46,#)
(0,1,47,5)
(0,1,48,2)
(0,2,3,#)
(0,2,6,#)
(0,2,8,1)
(0,2,9,6)
(0,2,12,.)
(0,2,22,#)
(0,2,23,#)
(0,2,24,.)
(0,2,32,#)
(0,2,37,.)
(0,2,38,#)
(0,2,39,#)
(0,2,42,3)
(0,2,47,.)
(0,2,48,#)
(0,3,1,2)
(0,3,2,7)
(0,3,11,#)
(0,3,14,#)
(0,3,24,#)
(0,3,25,#)
(0,3,30,#)
(0,3,31,.)
(0,3,35,.)
(0,3,40,#)
(0,3,44,6)
(0,3,45,6)
(0,4,3,.)
(0,4,5,.)
(0,4,7,#)
(0,4,10,#)
(0,4,15,#)
(0,4,16,#)
(0,4,25,#)
(0,4,41,2)
(0,4,42,7)
(0,4,46,#)
(0,5,3,.)
(0,5,6,#)
(0,5,9,#)
(0,5,14,3)
(0,5,17,#)
(0,5,18,.)
(0,5,20,.)
(0,5,22,6)
(0,5,26,#)
(0,5,27,.)
(0,5,32,7)
(0,5,37,#)
(0,5,39,#)
(0,5,43,#)
(0,5,49,#)
(0,6,0,#)
(0,6,1,6)
(0,6,4,9)
(0,6,6,2)
(0,6,7,.)
(0,6,10,.)
(0,6,14,.)
(0,6,17,.)
(0,6,18,#)
(0,6,20,5)
(0,6,27,#)
(0,6,30,#)
(0,6,35,.)
(0,6,40,.)
(0,6,41,#)
(0,6,47,.)
(0,6,49,#)
(0,7,1,#)
(0,7,2,3)
(0,7,3,.)
(0,7,12,2)
(0,7,14,#)
(0,7,15,.)
(0,7,17,3)
(0,7,21,3)
(0,7,22,.)
(0,7,23,.)
(0,7,25,3)
(0,7,26,#)
(0,7,31,#)
(0,7,37,1)
(0,7,41,#)
(0,7,42,7)
(0,7,43,8)
(0,7,47,.)
(0,7,49,#)
(0,8,5,1)
(0,8,7,4)
(0,8,9,5)
(0,8,14,#)
(0,8,16,#)
(0,8,18,.)
(0,8,22,#)
(0,8,23,#)
(0,8,25,.)
(0,8,28,.)
(0,8,32,1)
(0,8,35,.)
(0,8,38,5)
(0,8,41,.)
(0,8,42,4)
(0,8,47,.)
(0,9,0,#)
(0,9,3,.)
(0,9,5,.)
(0,9,18,.)
(0,9,20,.)
(0,9,23,#)
(0,9,26,#)
(0,9,32,8)
(0,9,35,7)
(0,9,38,#)
(0,9,45,4)
(0,9,47,#)
(0,10,0,#)
(0,10,5,1)
(0,10,9,8)
(0,10,10,1)
(0,10,11,#)
(0,10,18,.)
(0,10,24,.)
(0,10,26,#)
(0,10,29,#)
(0,10,31,.)
(0,10,33,#)
(0,10,36,8)
(0,10,39,#)
(0,10,42,#)
(0,10,44,#)
(0,10,48,7)
(0,11,3,.)
(0,11,6,.)
(0,11,7,#)
(0,11,9,#)
(0,11,12,.)
(0,11,13,8)
(0,11,14,#)
(0,11,24,4)
(0,11,27,.)
(0,11,30,#)
(0,11,34,4)
(0,11,35,5)
(0,11,37,#)
(0,11,40,#)
(0,11,49,1)
(0,12,0,#)
(0,12,5,.)
(0,12,6,#)
(0,12,8,7)
(0,12,11,7)
(0,12,12,3)
(0,12,13,2)
(0,12,15,#)
(0,12,17,7)
(0,12,20,#)
(0,12,21,4)
(0,12,25,#)
(0,12,27,4)
(0,12,28,.)
(0,12,30,.)
(0,12,31,1)
(0,12,33,4)
(0,12,34,7)
(0,12,40,4)
(0,12,41,.)
(0,12,43,8)
(0,12,48,#)
(0,12,49,.)
(0,13,0,9)
(0,13,6,.)
(0,13,10,#)
(0,13,12,3)
(0,13,18,.)
(0,13,20,9)
(0,13,21,2)
(0,13,29,.)
(0,13,31,.)
(0,13,33,.)
(0,13,42,8)
(0,13,44,3)
(0,13,45,3)
(0,13,46,7)
(0,13,47,.)
(0,14,0,.)
(0,14,1,#)
(0,14,4,#)
(0,14,8,.)
(0,14,14,.)
(0,14,19,.)
(0,14,24,5)
(0,14,26,9)
(0,14,28,#)
(0,14,43,.)
(0,14,48,#)
(0,15,2,#)
(0,15,4,#)
(0,15,7,4)
(0,15,9,#)
(0,15,10,.)
(0,15,15,#)
(0,15,24,.)
(0,15,25,5)
(0,15,28,#)
(0,15,29,#)
(0,15,31,#)
(0,15,32,8)
(0,15,43,.)
(0,15,44,#)
(0,15,46,.)
(0,16,8,.)
(0,16,11,.)
(0,16,15,1)
(0,16,23,4)
(0,16,24,#)
(0,16,29,5)
(0,16,31,4)
(0,16,33,.)
(0,16,35,.)
(0,16,36,#)
(0,16,38,#)
(0,16,44,#)
(0,16,45,2)
(0,17,0,#)
(0,17,1,#)
(0,17,13,.)
(0,17,19,6)
(0,17,24,8)
(0,17,27,#)
(0,17,33,#)
(0,17,34,.)
(0,17,35,9)
(0,17,36,#)
(0,17,44,#)
(0,18,1,#)
(0,18,2,#)
(0,18,3,.)
(0,18,9,4)
(0,18,10,.)
(0,18,12,#)
(0,18,13,.)
(0,18,15,#)
(0,18,16,6)
(0,18,18,1)
(0,18,27,.)
(0,18,30,1)
(0,18,32,1)
(0,18,37,.)
(0,18,39,#)
(0,18,46,.)
(0,18,47,4)
(0,18,48,#)
(0,19,1,.)
(0,19,2,#)
(0,19,3,7)
(0,19,7,3)
(0,19,12,.)
(0,19,14,#)
(0,19,18,.)
(0,19,22,.)
(0,19,25,.)
(0,19,26,#)
(0,19,27,.)
(0,19,29,#)
(0,19,33,1)
(0,19,35,#)
(0,19,36,#)
(0,19,46,.)
(0,19,48,#)
(0,19,49,6)
(0,20,5,#)
(0,20,9,#)
(0,20,11,7)
(0,20,12,#)
(0,20,24,#)
(0,20,25,#)
(0,20,30,7)
(0,20,32,9)
(0,20,37,.)
(0,20,43,8)
(0,20,47,8)
(0,20,49,#)
(0,21,4,#)
(0,21,5,.)
(0,21,10,#)
(0,21,11,.)
(0,21,16,5)
(0,21,18,8)
(0,21,19,#)
(0,21,29,9)
(0,21,33,.)
(0,21,35,.)
(0,21,36,4)
(0,21,38,#)
(0,21,39,.)
(0,21,40,#)
(0,21,42,#)
(0,21,48,#)
(0,21,49,#)
(0,22,1,7)
(0,22,2,9)
(0,22,3,.)
(0,22,11,9)
(0,22,14,#)
(0,22,17,#)
(0,22,25,#)
(0,22,34,#)
(0,22,40,#)
(0,22,41,6)
(0,22,45,5)
(0,22,46,.)
(0,23,2,.)
(0,23,3,.)
(0,23,8,.)
(0,23,9,#)
(0,23,15,.)
(0,23,17,.)
(0,23,20,#)
(0,23,25,.)
(0,23,26,#)
(0,23,31,.)
(0,23,37,.)
(0,23,41,1)
(0,23,47,.)
(0,24,0,#)
(0,24,3,.)
(0,24,6,.)
(0,24,8,2)
(0,24,13,#)
(0,24,19,4)
(0,24,22,5)
(0,24,25,2)
(0,24,28,2)
(0,24,30,#)
(0,24,31,2)
(0,24,36,2)
(0,24,42,4)
(0,24,44,#)
(0,24,48,#)
(0,24,49,#)
(0,25,1,.)
(0,25,14,8)
(0,25,23,#)
(0,25,24,#)
(0,25,27,.)
(0,25,28,2)
(0,25,33,5)
(0,25,37,7)
(0,25,38,#)
(0,25,39,1)
(0,25,43,.)
(0,25,46,2)
(0,26,1,#)
(0,26,4,.)
(0,26,5,3)
(0,26,8,.)
(0,26,10,#)
(0,26,11,.)
(0,26,14,#)
(0,26,15,#)
(0,26,20,5)
(0,26,22,#)
(0,26,23,#)
(0,26,26,.)
(0,26,30,5)
(0,26,31,6)
(0,26,44,.)
(0,26,47,.)
(0,27,1,#)
(0,27,5,#)
(0,27,9,#)
(0,27,11,#)
(0,27,15,.)
(0,27,20,#)
(0,27,22,9)
(0,27,27,2)
(0,27,30,7)
(0,27,31,#)
(0,27,33,8)
(0,27,40,#)
(0,27,41,.)
(0,27,42,#)
(0,27,49,#)
(0,28,0,.)
(0,28,1,#)
(0,28,3,4)
(0,28,4,#)
(0,28,7,1)
(0,28,8,.)
(0,28,10,.)
(0,28,11,#)
(0,28,12,.)
(0,28,18,#)
(0,28,19,1)
(0,28,26,#)
(0,28,33,#)
(0,28,36,#)
(0,28,42,#)
(0,28,44,#)
(0,29,4,7)
(0,29,10,#)
(0,29,18,#)
(0,29,19,#)
(0,29,23,2)
(0,29,26,.)
(0,29,29,#)
(0,29,32,4)
(0,29,33,.)
(0,29,34,2)
(0,29,35,#)
(0,29,39,6)
(0,29,40,.)
(0,29,44,.)
(0,29,47,#)
(0,29,48,.)
(0,29,49,#)
(0,30,0,#)
(0,30,1,.)
(0,30,2,#)
(0,30,6,.)
(0,30,12,7)
(0,30,14,.)
(0,30,15,.)
(0,30,17,.)
(0,30,20,7)
(0,30,22,.)
(0,30,23,2)
(0,30,27,8)
(0,30,29,.)
(0,30,33,8)
(0,30,38,3)
(0,30,42,.)
(0,30,44,#)
(0,30,45,#)
(0,30,46,.)
(0,31,0,#)
(0,31,2,5)
(0,31,7,1)
(0,31,11,1)
(0,31,12,.)
(0,31,15,#)
(0,31,16,#)
(0,31,18,#)
(0,31,24,#)
(0,31,35,7)
(0,31,38,#)
(0,31,49,#)
(0,32,5,#)
(0,32,8,#)
(0,32,9,3)
(0,32,10,8)
(0,32,11,.)
(0,32,12,8)
(0,32,16,#)
(0,32,19,#)
(0,32,20,.)
(0,32,22,#)
(0,32,23,.)
(0,32,25,#)
(0,32,36,#)
(0,32,37,3)
(0,32,43,.)
(0,32,45,2)
(0,32,47,#)
(0,32,48,6)
(0,33,15,.)
(0,33,16,.)
(0,33,17,7)
(0,33,19,5)
(0,33,20,3)
(0,33,31,1)
(0,33,34,3)
(0,33,36,#)
(0,33,43,8)
(0,34,1,.)
(0,34,5,5)
(0,34,12,.)
(0,34,16,#)
(0,34,18,#)
(0,34,21,.)
(0,34,23,#)
(0,34,24,#)
(0,34,25,#)
(0,34,31,9)
(0,34,32,#)
(0,34,35,2)
(0,34,37,.)
(0,34,38,1)
(0,34,40,6)
(0,34,47,#)
(0,34,48,#)
(0,35,4,#)
(0,35,6,.)
(0,35,12,#)
(0,35,14,9)
(0,35,17,#)
(0,35,20,8)
(0,35,24,6)
(0,35,25,6)
(0,35,27,5)
(0,35,37,.)
(0,35,42,#)
(0,35,44,.)
(0,35,45,.)
(0,36,0,.)
(0,36,3,1)
(0,36,7,#)
(0,36,10,.)
(0,36,12,8)
(0,36,13,.)
(0,36,16,#)
(0,36,18,#)
(0,36,19,.)
(0,36,23,.)
(0,36,33,#)
(0,36,36,.)
(0,36,37,#)
(0,36,42,#)
(0,36,43,#)
(0,36,46,7)
(0,36,47,3)
(0,36,49,#)
(0,37,1,5)
(0,37,9,1)
(0,37,24,#)
(0,37,26,7)
(0,37,27,.)
(0,37,28,.)
(0,37,32,#)
(0,37,34,#)
(0,37,37,#)
(0,37,38,8)
(0,37,40,.)
(0,38,6,#)
(0,38,10,2)
(0,38,12,.)
(0,38,13,3)
(0,38,22,#)
(0,38,26,6)
(0,38,37,.)
(0,38,38,7)
(0,38,39,#)
(0,38,43,8)
(0,38,45,.)
(0,39,5,#)
(0,39,8,#)
(0,39,11,#)
(0,39,12,#)
(0,39,13,9)
(0,39,14,.)
(0,39,21,#)
(0,39,25,4)
(0,39,31,8)
(0,39,34,.)
(0,39,37,#)
(0,39,40,.)
(0,39,41,#)
(0,39,46,1)
(0,39,49,.)
(0,40,0,7)
(0,40,1,#)
(0,40,2,.)
(0,40,5,#)
(0,40,16,#)
(0,40,20,2)
(0,40,22,.)
(0,40,24,#)
(0,40,29,#)
(0,40,30,#)
(0,40,31,#)
(0,40,32,5)
(0,40,34,6)
(0,40,46,#)
(0,40,48,#)
(0,40,49,.)
(0,41,2,.)
(0,41,4,#)
(0,41,10,5)
(0,41,13,.)
(0,41,18,.)
(0,41,22,7)
(0,41,23,9)
(0,41,25,.)
(0,41,26,#)
(0,41,27,.)
(0,41,31,.)
(0,41,34,#)
(0,41,36,5)
(0,41,40,1)
(0,41,41,7)
(0,41,43,2)
(0,41,47,#)
(0,41,49,#)
(0,42,0,8)
(0,42,3,6)
(0,42,4,3)
(0,42,7,#)
(0,42,12,3)
(0,42,15,9)
(0,42,22,#)
(0,42,24,.)
(0,42,33,.)
(0,42,41,#)
(0,42,45,.)
(0,42,48,#)
(0,43,1,.)
(0,43,5,#)
(0,43,7,8)
(0,43,9,.)
(0,43,14,#)
(0,43,17,#)
(0,43,18,.)
(0,43,27,.)
(0,43,29,.)
(0,43,30,9)
(0,43,35,.)
(0,43,44,.)
(0,43,45,#)
(0,43,48,.)
(0,44,1,.)
(0,44,5,#)
(0,44,6,9)
(0,44,13,#)
(0,44,14,4)
(0,44,21,.)
(0,44,22,6)
(0,44,24,#)
(0,44,29,7)
(0,44,33,#)
(0,44,34,#)
(0,44,35,#)
(0,44,43,#)
(0,44,44,.)
(0,44,45,#)
(0,44,48,#)
(0,45,1,#)
(0,45,4,#)
(0,45,9,4)
(0,45,18,#)
(0,45,22,.)
(0,45,23,4)
(0,45,24,.)
(0,45,28,.)
(0,45,29,.)
(0,45,30,#)
(0,45,31,#)
(0,45,32,5)
(0,45,33,.)
(0,45,38,#)
(0,45,43,8)
(0,45,48,.)
(0,45,49,.)
(0,46,0,#)
(0,46,2,#)
(0,46,4,4)
(0,46,8,#)
(0,46,11,#)
(0,46,12,5)
(0,46,13,#)
(0,46,14,.)
(0,46,15,#)
(0,46,18,.)
(0,46,20,5)
(0,46,27,.)
(0,46,28,7)
(0,46,38,.)
(0,46,43,.)
(0,46,45,#)
(0,47,0,#)
(0,47,1,.)
(0,47,2,#)
(0,47,5,#)
(0,47,6,4)
(0,47,7,3)
(0,47,8,2)
(0,47,9,#)
(0,47,16,2)
(0,47,19,8)
(0,47,24,.)
(0,47,26,#)
(0,47,28,.)
(0,47,34,.)
(0,47,35,.)
(0,47,36,#)
(0,47,37,5)
(0,47,40,#)
(0,47,42,.)
(0,47,43,.)
(0,47,44,.)
(0,48,2,.)
(0,48,5,.)
(0,48,6,.)
(0,48,7,#)
(0,48,8,#)
(0,48,13,.)
(0,48,14,#)
(0,48,17,6)
(0,48,19,#)
(0,48,22,9)
(0,48,23,#)
(0,48,24,.)
(0,48,26,9)
(0,48,27,4)
(0,48,31,#)
(0,48,32,6)
(0,48,37,6)
(0,48,45,.)
(0,48,46,.)
(0,48,48,#)
(0,49,4,9)
(0,49,6,#)
(0,49,14,7)
(0,49,16,.)
(0,49,32,#)
(0,49,34,.)
(0,49,35,#)
(0,49,37,.)
(0,49,38,7)
(0,49,42,#)
(0,49,44,3)
//castle room 1
(1,0,0,.)
(1,0,1,.)
(1,0,2,.)
(1,0,4,1)
(1,0,8,6)
(1,0,9,#)
(1,0,13,#)
(1,0,15,1)
(1,0,20,5)
(1,0,34,8)
(1,0,35,#)
(1,0,40,.)
(1,0,42,.)
(1,0,44,#)
(1,0,48,4)
(1,1,4,#)
(1,1,13,.)
(1,1,17,.)
(1,1,21,.)
(1,1,25,.)
(1,1,26,#)
(1,1,37,.)
(1,1,38,.)
(1,1,40,.)
(1,1,41,#)
(1,1,43,#)
(1,1,45,4)
(1,1,49,#)
(1,2,10,7)
(1,2,13,#)
(1,2,15,.)
(1,2,17,2)
(1,2,19,.)
(1,2,21,4)
(1,2,23,9)
(1,2,30,#)
(1,2,34,5)
(1,2,38,.)
(1,2,48,.)
(1,2,49,#)
(1,3,1,9)
(1,3,3,.)
(1,3,6,.)
(1,3,9,.)
(1,3,20,5)
(1,3,26,4)
(1,3,29,7)
(1,3,30,#)
(1,3,34,.)
(1,3,35,7)
(1,3,36,#)
(1,3,45,#)
(1,3,47,.)
(1,3,48,#)
(1,4,5,6)
(1,4,8,#)
(1,4,9,4)
(1,4,10,.)
(1,4,21,.)
(1,4,27,3)
(1,4,31,#)
(1,4,39,.)
(1,4,42,#)
(1,4,46,#)
(1,4,47,.)
(1,5,4,#)
(1,5,6,#)
(1,5,10,6)
(1,5,13,2)
(1,5,18,.)
(1,5,25,#)
(1,5,26,8)
(1,5,35,8)
(1,5,41,.)
(1,5,42,1)
(1,5,43,.)
(1,5,44,#)
(1,5,47,#)
(1,5,48,#)
(1,6,0,#)
(1,6,3,.)
(1,6,9,#)
(1,6,11,.)
(1,6,13,.)
(1,6,16,1)
(1,6,23,8)
(1,6,24,.)
(1,6,33,#)
(1,6,34,#)
(1,6,36,.)
(1,6,42,.)
(1,6,43,#)
(1,6,45,#)
(1,6,46,#)
(1,7,2,8)
(1,7,3,#)
(1,7,4,#)
(1,7,8,1)
(1,7,10,1)
(1,7,11,#)
(1,7,12,9)
(1,7,13,.)
(1,7,18,.)
(1,7,26,.)
(1,7,27,#)
(1,7,28,2)
(1,7,31,5)
(1,7,36,.)
(1,7,37,#)
(1,7,43,1)
(1,7,44,#)
(1,7,46,.)
(1,8,0,.)
(1,8,11,.)
(1,8,13,#)
(1,8,17,.)
(1,8,21,#)
(1,8,28,.)
(1,8,32,.)
(1,8,33,1)
(1,8,44,#)
(1,8,45,1)
(1,8,48,.)
(1,9,1,6)
(1,9,3,.)
(1,9,5,6)
(1,9,6,5)
(1,9,7,.)
(1,9,14,#)
(1,9,15,9)
(1,9,18,1)
(1,9,20,#)
(1,9,29,8)
(1,9,31,9)
(1,9,36,#)
(1,9,37,3)
(1,9,38,.)
(1,9,42,6)
(1,9,45,#)
(1,9,46,1)
(1,9,48,.)
(1,10,3,#)
(1,10,11,6)
(1,10,15,#)
(1,10,16,.)
(1,10,18,#)
(1,10,23,4)
(1,10,28,.)
(1,10,29,6)
(1,10,30,.)
(1,10,31,8)
(1,10,32,#)
(1,10,33,.)
(1,10,36,.)
(1,10,39,1)
(1,10,40,5)
(1,10,48,1)
(1,11,1,#)
(1,11,2,#)
(1,11,4,8)
(1,11,5,2)
(1,11,11,#)
(1,11,12,.)
(1,11,13,8)
(1,11,15,#)
(1,11,16,#)
(1,11,23,.)
(1,11,24,#)
(1,11,27,7)
(1,11,34,#)
(1,11,35,7)
(1,11,37,4)
(1,11,47,.)
(1,12,13,8)
(1,12,14,4)
(1,12,15,5)
(1,12,20,.)
(1,12,31,#)
(1,12,35,8)
(1,12,38,.)
(1,12,39,.)
(1,12,40,9)
(1,12,43,#)
(1,12,48,#)
(1,13,1,#)
(1,13,3,#)
(1,13,6,8)
(1,13,9,9)
(1,13,13,#)
(1,13,14,9)
(1,13,16,.)
(1,13,17,#)
(1,13,18,2)
(1,13,19,#)
(1,13,20,#)
(1,13,24,3)
(1,13,26,3)
(1,13,27,9)
(1,13,33,.)
(1,13,37,2)
(1,13,38,8)
(1,13,45,.)
(1,14,2,5)
(1,14,4,9)
(1,14,7,#)
(1,14,16,.)
(1,14,17,#)
(1,14,19,1)
(1,14,20,8)
(1,14,23,.)
(1,14,24,#)
(1,14,27,2)
(1,14,30,8)
(1,14,38,.)
(1,14,39,8)
(1,15,1,#)
(1,15,3,#)
(1,15,8,8)
(1,15,10,#)
(1,15,11,1)
(1,15,14,.)
(1,15,18,.)
(1,15,19,2)
(1,15,21,#)
(1,15,22,.)
(1,15,25,#)
(1,15,27,#)
(1,15,32,.)
(1,15,41,#)
(1,15,42,2)
(1,15,45,7)
(1,16,1,.)
(1,16,3,7)
(1,16,4,5)
(1,16,5,.)
(1,16,8,#)
(1,16,9,.)
(1,16,13,5)
(1,16,25,9)
(1,16,26,.)
(1,16,31,1)
(1,16,33,.)
(1,16,36,#)
(1,16,37,8)
(1,16,43,#)
(1,16,48,5)
(1,17,2,5)
(1,17,3,#)
(1,17,5,4)
(1,17,6,4)
(1,17,7,6)
(1,17,8,9)
(1,17,11,3)
(1,17,18,7)
(1,17,20,.)
(1,17,21,#)
(1,17,27,#)
(1,17,29,8)
(1,17,32,.)
(1,17,36,#)
(1,17,39,7)
(1,18,0,8)
(1,18,2,#)
(1,18,4,#)
(1,18,7,.)
(1,18,8,#)
(1,18,13,#)
(1,18,14,6)
(1,18,18,5)
(1,18,24,#)
(1,18,25,.)
(1,18,28,#)
(1,18,35,#)
(1,18,40,.)
(1,18,47,#)
(1,19,0,#)
(1,19,2,#)
(1,19,3,#)
(1,19,9,.)
(1,19,12,.)
(1,19,18,#)
(1,19,21,7)
(1,19,23,#)
(1,19,27,6)
(1,19,29,#)
(1,19,36,.)
(1,19,45,#)
(1,19,48,.)
(1,20,7,9)
(1,20,16,6)
(1,20,18,3)
(1,20,24,9)
(1,20,25,6)
(1,20,26,#)
(1,20,33,#)
(1,20,34,.)
(1,20,37,5)
(1,20,43,.)
(1,20,48,#)
(1,21,3,#)
(1,21,4,.)
(1,21,5,.)
(1,21,9,5)
(1,21,11,.)
(1,21,14,7)
(1,21,16,5)
(1,21,17,.)
(1,21,22,7)
(1,21,23,7)
(1,21,35,#)
(1,21,37,#)
(1,21,38,8)
(1,21,39,#)
(1,21,42,2)
(1,21,43,#)
(1,22,0,.)
(1,22,3,.)
(1,22,4,.)
(1,22,6,.)
(1,22,7,5)
(1,22,9,9)
(1,22,11,#)
(1,22,12,#)
(1,22,13,.)
(1,22,24,.)
(1,22,29,#)
(1,22,32,#)
(1,22,35,3)
(1,22,36,#)
(1,22,43,9)
(1,22,45,.)
(1,22,49,4)
(1,23,3,.)
(1,23,4,4)
(1,23,10,#)
(1,23,14,6)
(1,23,20,.)
(1,23,32,#)
(1,23,34,.)
(1,23,39,9)
(1,23,41,7)
(1,23,45,.)
(1,23,48,#)
(1,24,0,.)
(1,24,7,1)
(1,24,8,#)
(1,24,12,#)
(1,24,15,.)
(1,24,17,#)
(1,24,18,#)
(1,24,19,#)
(1,24,20,.)
(1,24,22,#)
(1,24,24,.)
(1,24,26,3)
(1,24,41,.)
(1,24,42,9)
(1,24,44,4)
(1,25,0,#)
(1,25,4,4)
(1,25,7,3)
(1,25,8,3)
(1,25,14,#)
(1,25,16,.)
(1,25,20,#)
(1,25,27,2)
(1,25,28,5)
(1,25,32,3)
(1,25,34,.)
(1,25,35,#)
(1,25,36,.)
(1,25,37,#)
(1,25,38,9)
(1,25,41,6)
(1,25,42,#)
(1,25,43,4)
(1,25,47,.)
(1,26,10,4)
(1,26,14,.)
(1,26,15,#)
(1,26,16,9)
(1,26,28,#)
(1,26,31,5)
(1,26,36,.)
(1,26,41,.)
(1,26,43,8)
(1,26,45,6)
(1,27,2,4)
(1,27,10,9)
(1,27,12,#)
(1,27,14,#)
(1,27,15,#)
(1,27,16,#)
(1,27,19,.)
(1,27,20,.)
(1,27,21,#)
(1,27,22,.)
(1,27,28,.)
(1,27,31,.)
(1,27,33,.)
(1,27,35,8)
(1,27,36,6)
(1,27,39,5)
(1,27,46,#)
(1,28,0,.)
(1,28,2,.)
(1,28,4,.)
(1,28,6,.)
(1,28,7,.)
(1,28,8,.)
(1,28,9,3)
(1,28,11,2)
(1,28,12,#)
(1,28,13,.)
(1,28,15,#)
(1,28,26,2)
(1,28,27,#)
(1,28,29,#)
(1,28,34,1)
(1,28,36,5)
(1,28,38,3)
(1,28,41,.)
(1,28,44,6)
(1,28,49,2)
(1,29,1,#)
(1,29,7,.)
(1,29,14,8)
(1,29,15,.)
(1,29,27,9)
(1,29,30,#)
(1,29,35,#)
(1,29,37,#)
(1,29,45,#)
(1,29,46,3)
(1,29,47,.)
(1,30,3,#)
(1,30,6,6)
(1,30,8,4)
(1,30,11,#)
(1,30,16,.)
(1,30,26,#)
(1,30,32,.)
(1,30,39,.)
(1,30,41,6)
(1,30,49,#)
(1,31,4,4)
(1,31,7,#)
(1,31,10,.)
(1,31,19,5)
(1,31,23,.)
(1,31,27,#)
(1,31,30,5)
(1,31,31,#)
(1,31,35,#)
(1,31,40,.)
(1,31,44,.)
(1,32,6,.)
(1,32,7,8)
(1,32,8,#)
(1,32,13,#)
(1,32,14,4)
(1,32,16,#)
(1,32,17,9)
(1,32,23,#)
(1,32,26,.)
(1,32,27,2)
(1,32,35,.)
(1,32,39,#)
(1,32,40,1)
(1,32,41,2)
(1,32,46,2)
(1,32,47,#)
(1,33,2,.)
(1,33,5,#)
(1,33,7,#)
(1,33,13,6)
(1,33,15,9)
(1,33,24,3)
(1,33,26,#)
(1,33,37,4)
(1,33,40,#)
(1,33,42,9)
(1,33,44,3)
(1,33,47,.)
(1,34,1,.)
(1,34,3,1)
(1,34,7,.)
(1,34,8,#)
(1,34,9,#)
(1,34,11,6)
(1,34,12,#)
(1,34,13,1)
(1,34,21,.)
(1,34,22,2)
(1,34,24,#)
(1,34,25,8)
(1,34,28,.)
(1,34,31,#)
(1,34,33,5)
(1,34,43,1)
(1,34,44,#)
(1,34,46,.)
(1,35,1,2)
(1,35,5,#)
(1,35,8,#)
(1,35,13,5)
(1,35,17,9)
(1,35,19,#)
(1,35,22,#)
(1,35,27,8)
(1,35,29,#)
(1,35,30,.)
(1,35,31,5)
(1,35,36,#)
(1,35,39,4)
(1,35,43,2)
(1,35,46,3)
(1,36,0,#)
(1,36,4,#)
(1,36,6,#)
(1,36,7,.)
(1,36,8,#)
(1,36,9,#)
(1,36,19,#)
(1,36,24,8)
(1,36,26,.)
(1,36,28,#)
(1,36,30,8)
(1,36,33,#)
(1,36,38,.)
(1,36,39,7)
(1,36,41,.)
(1,36,42,#)
(1,36,44,7)
(1,36,47,.)
(1,37,3,.)
(1,37,4,6)
(1,37,6,#)
(1,37,8,6)
(1,37,10,#)
(1,37,11,#)
(1,37,14,#)
(1,37,15,9)
(1,37,25,1)
(1,37,28,5)
(1,37,29,5)
(1,37,30,.)
(1,37,33,#)
(1,37,35,#)
(1,37,36,8)
(1,37,37,.)
(1,37,44,#)
(1,37,45,#)
(1,37,48,2)
(1,37,49,#)
(1,38,1,7)
(1,38,8,6)
(1,38,17,.)
(1,38,18,8)
(1,38,19,.)
(1,38,20,2)
(1,38,21,4)
(1,38,22,.)
(1,38,23,.)
(1,38,30,.)
(1,38,32,9)
(1,38,37,1)
(1,38,43,#)
(1,39,3,#)
(1,39,6,8)
(1,39,8,4)
(1,39,9,#)
(1,39,13,.)
(1,39,17,.)
(1,39,21,#)
(1,39,26,#)
(1,39,32,#)
(1,39,34,#)
(1,39,35,4)
(1,39,38,#)
(1,39,40,.)
(1,39,44,#)
(1,40,0,#)
(1,40,1,#)
(1,40,2,#)
(1,40,3,6)
(1,40,4,6)
(1,40,6,5)
(1,40,7,8)
(1,40,11,#)
(1,40,15,#)
(1,40,24,7)
(1,40,26,#)
(1,40,27,5)
(1,40,30,#)
(1,40,36,.)
(1,40,37,#)
(1,40,41,.)
(1,40,43,.)
(1,40,47,.)
(1,41,1,5)
(1,41,2,.)
(1,41,3,8)
(1,41,4,5)
(1,41,5,.)
(1,41,11,6)
(1,41,16,.)
(1,41,18,.)
(1,41,21,.)
(1,41,23,.)
(1,41,26,#)
(1,41,27,#)
(1,41,35,.)
(1,41,36,.)
(1,41,38,1)
(1,41,40,.)
(1,41,47,#)
(1,41,48,#)
(1,41,49,.)
(1,42,1,1)
(1,42,2,#)
(1,42,4,.)
(1,42,5,#)
(1,42,10,6)
(1,42,12,.)
(1,42,13,.)
(1,42,17,5)
(1,42,21,#)
(1,42,26,.)
(1,42,28,5)
(1,42,34,#)
(1,42,35,#)
(1,42,36,1)
(1,42,43,#)
(1,43,2,#)
(1,43,4,6)
(1,43,6,#)
(1,43,8,#)
(1,43,9,.)
(1,43,11,#)
(1,43,12,4)
(1,43,16,9)
(1,43,21,3)
(1,43,23,8)
(1,43,24,5)
(1,43,26,4)
(1,43,27,#)
(1,43,28,#)
(1,43,33,#)
(1,43,38,#)
(1,43,39,#)
(1,43,42,#)
(1,43,43,.)
(1,43,45,4)
(1,44,14,.)
(1,44,17,.)
(1,44,23,.)
(1,44,31,#)
(1,44,38,#)
(1,44,43,4)
(1,44,45,.)
(1,44,46,#)
(1,44,49,.)
(1,45,0,.)
(1,45,5,7)
(1,45,6,.)
(1,45,12,8)
(1,45,18,5)
(1,45,26,9)
(1,45,27,#)
(1,45,28,7)
(1,45,30,5)
(1,45,31,.)
(1,45,34,1)
(1,45,35,#)
(1,45,38,3)
(1,45,39,#)
(1,45,43,#)
(1,45,44,9)
(1,46,0,#)
(1,46,1,2)
(1,46,7,.)
(1,46,9,#)
(1,46,13,#)
(1,46,18,#)
(1,46,20,8)
(1,46,21,9)
(1,46,23,#)
(1,46,26,#)
(1,46,34,#)
(1,46,35,#)
(1,46,37,2)
(1,47,6,.)
(1,47,9,#)
(1,47,10,#)
(1,47,11,4)
(1,47,16,#)
(1,47,17,#)
(1,47,19,1)
(1,47,20,8)
(1,47,21,4)
(1,47,27,#)
(1,47,34,.)
(1,47,35,.)
(1,47,36,8)
(1,47,38,6)
(1,47,40,.)
(1,47,42,#)
(1,47,48,.)
(1,47,49,#)
(1,48,5,#)
(1,48,14,#)
(1,48,16,3)
(1,48,19,.)
(1,48,27,.)
(1,48,35,.)
(1,48,37,7)
(1,48,41,1)
(1,48,42,6)
(1,48,43,.)
(1,48,46,#)
(1,49,1,#)
(1,49,2,.)
(1,49,5,.)
(1,49,7,2)
(1,49,12,.)
(1,49,16,.)
(1,49,21,.)
(1,49,22,.)
(1,49,29,#)
(1,49,31,7)
(1,49,35,.)
(1,49,42,3)
(1,49,45,7)
(1,49,48,#)
(1,49,49,5)
//castle room 2
(2,0,7,.)
(2,0,8,#)
(2,0,9,2)
(2,0,14,.)
(2,0,20,.)
(2,0,26,#)
(2,0,30,3)
(2,0,33,#)
(2,0,34,6)
(2,0,37,#)
(2,0,39,3)
(2,1,5,#)
(2,1,7,3)
(2,1,9,#)
(2,1,13,2)
(2,1,15,#)
(2,1,18,6)
(2,1,19,.)
(2,1,26,#)
(2,1,28,.)
(2,1,30,2)
(2,1,34,3)
(2,1,35,9)
(2,1,42,9)
(2,2,1,.)
(2,2,4,#)
(2,2,17,9)
(2,2,22,2)
(2,2,23,#)
(2,2,25,#)
(2,2,32,#)
(2,2,33,9)
(2,2,35,#)
(2,2,37,#)
(2,2,38,.)
(2,2,40,5)
(2,2,41,#)
(2,2,42,#)
(2,3,0,#)
(2,3,1,6)
(2,3,2,7)
(2,3,4,2)
(2,3,5,#)
(2,3,8,3)
(2,3,11,.)
(2,3,12,.)
(2,3,13,.)
(2,3,15,7)
(2,3,16,#)
(2,3,22,.)
(2,3,24,.)
(2,3,28,#)
(2,3,35,#)
(2,3,36,2)
(2,3,38,.)
(2,3,45,.)
(2,3,48,7)
(2,3,49,.)
(2,4,0,.)
(2,4,1,#)
(2,4,2,2)
(2,4,4,8)
(2,4,11,.)
(2,4,13,.)
(2,4,16,#)
(2,4,20,2)
(2,4,21,#)
(2,4,26,9)
(2,4,27,4)
(2,4,29,#)
(2,4,34,5)
(2,4,36,.)
(2,4,47,2)
(2,4,48,#)
(2,5,9,#)
(2,5,13,#)
(2,5,15,.)
(2,5,25,.)
(2,5,27,1)
(2,5,29,5)
(2,5,30,1)
(2,5,32,#)
(2,5,34,#)
(2,5,38,#)
(2,5,39,.)
(2,5,48,2)
(2,6,1,.)
(2,6,2,.)
(2,6,6,.)
(2,6,7,#)
(2,6,12,.)
(2,6,14,#)
(2,6,16,8)
(2,6,21,.)
(2,6,22,#)
(2,6,24,.)
(2,6,25,.)
(2,6,27,4)
(2,6,29,#)
(2,6,30,#)
(2,6,33,#)
(2,6,35,#)
(2,6,36,.)
(2,6,39,#)
(2,6,45,8)
(2,6,46,#)
(2,7,0,#)
(2,7,9,9)
(2,7,15,.)
(2,7,18,.)
(2,7,23,.)
(2,7,26,1)
(2,7,27,.)
(2,7,39,#)
(2,7,40,#)
(2,7,41,#)
(2,8,2,.)
(2,8,4,#)
(2,8,10,#)
(2,8,11,#)
(2,8,13,1)
(2,8,16,5)
(2,8,17,3)
(2,8,18,1)
(2,8,20,#)
(2,8,22,.)
(2,8,30,#)
(2,8,31,#)
(2,8,33,.)
(2,8,36,#)
(2,8,41,#)
(2,8,45,#)
(2,8,48,#)
(2,8,49,6)
(2,9,2,4)
(2,9,8,6)
(2,9,16,2)
(2,9,21,9)
(2,9,22,8)
(2,9,25,7)
(2,9,28,.)
(2,9,30,4)
(2,9,32,#)
(2,9,34,.)
(2,9,35,.)
(2,9,37,3)
(2,9,45,1)
(2,9,48,8)
(2,9,49,#)
(2,10,0,6)
(2,10,10,7)
(2,10,15,1)
(2,10,16,3)
(2,10,17,8)
(2,10,18,8)
(2,10,31,#)
(2,10,37,8)
(2,10,45,6)
(2,10,48,7)
(2,11,6,.)
(2,11,7,#)
(2,11,8,.)
(2,11,10,.)
(2,11,12,#)
(2,11,14,#)
(2,11,16,#)
(2,11,17,3)
(2,11,18,1)
(2,11,20,8)
(2,11,21,#)
(2,11,37,#)
(2,11,41,#)
(2,12,3,.)
(2,12,4,3)
(2,12,7,9)
(2,12,10,.)
(2,12,11,#)
(2,12,13,#)
(2,12,15,2)
(2,12,17,#)
(2,12,18,.)
(2,12,19,.)
(2,12,22,#)
(2,12,41,#)
(2,12,44,#)
(2,12,45,#)
(2,12,46,8)
(2,13,1,#)
(2,13,4,9)
(2,13,11,5)
(2,13,16,.)
(2,13,18,.)
(2,13,20,#)
(2,13,21,#)
(2,13,30,.)
(2,13,35,8)
(2,13,37,1)
(2,13,43,3)
(2,13,45,#)
(2,13,47,7)
(2,13,48,.)
(2,13,49,#)
(2,14,5,5)
(2,14,10,3)
(2,14,13,9)
(2,14,14,#)
(2,14,17,2)
(2,14,19,#)
(2,14,25,#)
(2,14,26,8)
(2,14,27,#)
(2,14,32,#)
(2,14,33,#)
(2,14,36,#)
(2,14,38,4)
(2,15,4,#)
(2,15,5,6)
(2,15,7,#)
(2,15,8,.)
(2,15,13,4)
(2,15,22,#)
(2,15,25,#)
(2,15,27,9)
(2,15,32,.)
(2,15,38,#)
(2,15,45,.)
(2,15,46,5)
(2,15,48,.)
(2,16,2,.)
(2,16,6,.)
(2,16,7,#)
(2,16,17,#)
(2,16,19,.)
(2,16,20,7)
(2,16,23,#)
(2,16,27,#)
(2,16,28,#)
(2,16,29,.)
(2,16,31,#)
(2,16,43,#)
(2,16,48,#)
(2,16,49,#)
(2,17,2,8)
(2,17,4,#)
(2,17,5,.)
(2,17,6,.)
(2,17,13,3)
(2,17,20,6)
(2,17,22,6)
(2,17,24,.)
(2,17,25,7)
(2,17,27,#)
(2,17,28,.)
(2,17,36,#)
(2,17,38,#)
(2,17,41,9)
(2,17,42,#)
(2,17,44,#)
(2,17,46,8)
(2,17,47,#)
(2,17,49,#)
(2,18,1,#)
(2,18,3,8)
(2,18,9,5)
(2,18,13,#)
(2,18,17,1)
(2,18,19,.)
(2,18,22,.)
(2,18,26,6)
(2,18,27,#)
(2,18,29,8)
(2,18,32,.)
(2,18,37,.)
(2,18,41,.)
(2,18,43,.)
(2,18,45,#)
(2,18,48,5)
(2,19,7,.)
(2,19,17,#)
(2,19,21,#)
(2,19,23,7)
(2,19,25,3)
(2,19,37,.)
(2,19,41,#)
(2,19,44,#)
(2,19,45,#)
(2,20,0,#)
(2,20,4,4)
(2,20,5,#)
(2,20,10,3)
(2,20,15,4)
(2,20,16,#)
(2,20,19,4)
(2,20,20,#)
(2,20,23,#)
(2,20,24,.)
(2,20,32,7)
(2,20,48,#)
(2,21,3,6)
(2,21,6,7)
(2,21,17,6)
(2,21,18,#)
(2,21,19,.)
(2,21,21,.)
(2,21,25,9)
(2,21,32,.)
(2,21,33,8)
(2,21,35,8)
(2,21,41,3)
(2,21,45,.)
(2,21,47,#)
(2,21,48,1)
(2,21,49,#)
(2,22,2,#)
(2,22,5,9)
(2,22,6,6)
(2,22,16,4)
(2,22,17,#)
(2,22,18,#)
(2,22,19,#)
(2,22,22,.)
(2,22,36,.)
(2,22,37,#)
(2,22,38,4)
(2,22,46,#)
(2,22,47,.)
(2,23,8,#)
(2,23,9,.)
(2,23,10,3)
(2,23,12,8)
(2,23,13,8)
(2,23,17,.)
(2,23,18,8)
(2,23,20,.)
(2,23,21,5)
(2,23,25,.)
(2,23,32,3)
(2,23,36,.)
(2,23,38,.)
(2,23,39,.)
(2,23,42,.)
(2,23,45,4)
(2,23,48,#)
(2,24,9,6)
(2,24,14,.)
(2,24,18,3)
(2,24,23,#)
(2,24,28,6)
(2,24,42,7)
(2,24,43,2)
(2,24,44,1)
(2,24,47,#)
(2,25,0,5)
(2,25,9,#)
(2,25,15,.)
(2,25,18,.)
(2,25,19,#)
(2,25,24,.)
(2,25,28,#)
(2,25,30,.)
(2,25,31,#)
(2,25,38,7)
(2,25,40,#)
(2,25,48,.)
(2,26,1,8)
(2,26,4,#)
(2,26,5,4)
(2,26,13,.)
(2,26,18,#)
(2,26,24,#)
(2,26,26,#)
(2,26,31,#)
(2,26,34,2)
(2,26,38,3)
(2,26,42,#)
(2,26,43,6)
(2,26,46,2)
(2,26,48,#)
(2,27,2,.)
(2,27,4,#)
(2,27,9,#)
(2,27,10,#)
(2,27,11,8)
(2,27,15,.)
(2,27,17,6)
(2,27,26,.)
(2,27,29,.)
(2,27,30,#)
(2,27,35,#)
(2,27,38,#)
(2,27,39,.)
(2,27,40,.)
(2,27,42,2)
(2,27,49,#)
(2,28,1,.)
(2,28,3,#)
(2,28,5,7)
(2,28,6,6)
(2,28,11,7)
(2,28,17,#)
(2,28,19,.)
(2,28,28,.)
(2,28,37,#)
(2,28,38,.)
(2,28,44,3)
(2,28,45,#)
(2,28,47,.)
(2,29,3,#)
(2,29,6,6)
(2,29,31,.)
(2,29,34,2)
(2,29,35,4)
(2,29,38,#)
(2,29,42,#)
(2,29,43,.)
(2,29,44,7)
(2,29,46,.)
(2,29,47,#)
(2,29,49,#)
(2,30,1,#)
(2,30,8,8)
(2,30,9,#)
(2,30,12,#)
(2,30,20,6)
(2,30,26,#)
(2,30,27,.)
(2,30,31,#)
(2,30,32,#)
(2,30,33,.)
(2,30,34,#)
(2,30,36,#)
(2,30,45,3)
(2,30,48,3)
(2,30,49,#)
(2,31,0,.)
(2,31,2,.)
(2,31,6,5)
(2,31,10,6)
(2,31,11,2)
(2,31,12,.)
(2,31,16,7)
(2,31,22,#)
(2,31,29,#)
(2,31,32,#)
(2,31,40,7)
(2,31,48,6)
(2,32,0,8)
(2,32,4,#)
(2,32,5,6)
(2,32,7,#)
(2,32,9,8)
(2,32,13,#)
(2,32,15,9)
(2,32,16,#)
(2,32,17,.)
(2,32,19,4)
(2,32,27,#)
(2,32,28,#)
(2,32,30,#)
(2,32,32,#)
(2,32,38,#)
(2,32,40,.)
(2,32,46,6)
(2,32,47,#)
(2,33,0,6)
(2,33,2,.)
(2,33,12,2)
(2,33,13,#)
(2,33,19,8)
(2,33,21,6)
(2,33,25,#)
(2,33,30,.)
(2,33,32,4)
(2,33,33,.)
(2,33,35,2)
(2,33,38,8)
(2,33,43,#)
(2,33,46,.)
(2,33,49,#)
(2,34,0,#)
(2,34,3,4)
(2,34,5,9)
(2,34,6,#)
(2,34,11,#)
(2,34,12,6)
(2,34,19,8)
(2,34,21,7)
(2,34,24,.)
(2,34,26,2)
(2,34,32,2)
(2,34,33,#)
(2,34,35,#)
(2,34,39,9)
(2,34,40,2)
(2,34,43,#)
(2,34,46,9)
(2,35,0,#)
(2,35,3,#)
(2,35,4,#)
(2,35,10,#)
(2,35,13,#)
(2,35,15,#)
(2,35,18,#)
(2,35,25,.)
(2,35,28,.)
(2,35,29,#)
(2,35,30,1)
(2,35,31,.)
(2,35,32,.)
(2,35,35,9)
(2,35,39,2)
(2,35,44,7)
(2,35,47,7)
(2,35,48,.)
(2,36,1,#)
(2,36,4,#)
(2,36,6,#)
(2,36,7,4)
(2,36,11,1)
(2,36,12,2)
(2,36,13,#)
(2,36,15,.)
(2,36,19,8)
(2,36,28,9)
(2,36,31,9)
(2,36,35,.)
(2,36,36,.)
(2,36,37,#)
(2,36,46,.)
(2,36,49,3)
(2,37,0,.)
(2,37,3,#)
(2,37,4,5)
(2,37,6,3)
(2,37,8,#)
(2,37,11,.)
(2,37,16,5)
(2,37,19,#)
(2,37,22,.)
(2,37,25,.)
(2,37,29,.)
(2,37,33,.)
(2,37,35,.)
(2,37,38,.)
(2,37,39,.)
(2,37,41,5)
(2,37,42,1)
(2,37,43,7)
(2,37,44,7)
(2,37,48,#)
(2,38,0,.)
(2,38,5,#)
(2,38,8,.)
(2,38,11,#)
(2,38,13,4)
(2,38,15,.)
(2,38,16,.)
(2,38,18,.)
(2,38,21,#)
(2,38,22,1)
(2,38,24,5)
(2,38,28,#)
(2,38,34,2)
(2,38,35,6)
(2,38,39,9)
(2,38,41,6)
(2,38,45,2)
(2,39,1,#)
(2,39,9,.)
(2,39,10,8)
(2,39,11,4)
(2,39,23,.)
(2,39,25,9)
(2,39,27,#)
(2,39,30,9)
(2,39,32,#)
(2,39,35,.)
(2,39,36,.)
(2,39,39,4)
(2,39,46,#)
(2,40,0,.)
(2,40,5,4)
(2,40,9,.)
(2,40,12,.)
(2,40,13,2)
(2,40,15,#)
(2,40,17,#)
(2,40,18,.)
(2,40,21,#)
(2,40,22,7)
(2,40,23,#)
(2,40,30,.)
(2,40,37,5)
(2,40,40,#)
(2,40,46,.)
(2,40,48,6)
(2,40,49,.)
(2,41,0,#)
(2,41,3,.)
(2,41,4,3)
(2,41,5,.)
(2,41,6,8)
(2,41,8,.)
(2,41,11,7)
(2,41,15,4)
(2,41,16,.)
(2,41,17,#)
(2,41,21,4)
(2,41,22,9)
(2,41,25,8)
(2,41,27,4)
(2,41,35,#)
(2,41,36,#)
(2,41,39,9)
(2,41,40,.)
(2,41,41,1)
(2,41,44,.)
(2,41,49,7)
(2,42,2,#)
(2,42,4,#)
(2,42,8,#)
(2,42,9,9)
(2,42,15,6)
(2,42,17,7)
(2,42,20,1)
(2,42,22,.)
(2,42,26,6)
(2,42,41,2)
(2,42,43,#)
(2,42,45,#)
(2,43,3,3)
(2,43,4,4)
(2,43,6,.)
(2,43,9,#)
(2,43,10,.)
(2,43,11,.)
(2,43,14,#)
(2,43,18,#)
(2,43,28,#)
(2,43,32,#)
(2,43,33,5)
(2,43,36,8)
(2,43,42,#)
(2,43,43,.)
(2,43,49,.)
(2,44,7,4)
(2,44,8,#)
(2,44,9,3)
(2,44,12,#)
(2,44,13,.)
(2,44,16,#)
(2,44,19,4)
(2,44,21,#)
(2,44,22,#)
(2,44,23,3)
(2,44,27,#)
(2,44,31,9)
(2,44,32,.)
(2,44,40,3)
(2,44,43,4)
(2,45,1,.)
(2,45,5,#)
(2,45,6,.)
(2,45,9,#)
(2,45,14,2)
(2,45,19,#)
(2,45,32,1)
(2,45,33,#)
(2,45,34,#)
(2,45,36,#)
(2,45,37,5)
(2,45,41,.)
(2,45,43,.)
(2,45,44,#)
(2,45,46,#)
(2,45,48,#)
(2,46,1,.)
(2,46,2,8)
(2,46,4,4)
(2,46,6,#)
(2,46,12,.)
(2,46,15,3)
(2,46,17,.)
(2,46,25,7)
(2,46,28,#)
(2,46,36,.)
(2,46,38,3)
(2,46,40,#)
(2,46,41,.)
(2,46,43,#)
(2,46,44,#)
(2,47,3,3)
(2,47,4,4)
(2,47,6,#)
(2,47,11,#)
(2,47,12,5)
(2,47,14,2)
(2,47,15,.)
(2,47,19,.)
(2,47,23,#)
(2,47,25,#)
(2,47,33,#)
(2,47,39,#)
(2,47,47,#)
(2,48,1,.)
(2,48,2,5)
(2,48,6,8)
(2,48,7,#)
(2,48,22,.)
(2,48,25,6)
(2,48,38,#)
(2,48,39,.)
(2,48,42,9)
(2,48,44,7)
(2,49,7,#)
(2,49,10,7)
(2,49,26,.)
(2,49,27,.)
(2,49,28,.)
(2,49,29,3)
(2,49,30,2)
(2,49,35,#)
(2,49,36,.)
(2,49,37,.)
(2,49,43,.)
(2,49,45,.)
(2,49,47,.)
(2,49,48,8)
//castle room 3
(3,0,3,#)
(3,0,8,8)
(3,0,15,.)
(3,0,18,#)
(3,0,19,#)
(3,0,20,6)
(3,0,22,9)
(3,0,25,3)
(3,0,26,2)
(3,0,28,#)
(3,0,33,#)
(3,0,34,6)
(3,0,45,9)
(3,1,3,1)
(3,1,4,3)
(3,1,6,#)
(3,1,7,.)
(3,1,8,.)
(3,1,13,.)
(3,1,14,8)
(3,1,15,#)
(3,1,22,#)
(3,1,23,.)
(3,1,25,.)
(3,1,27,7)
(3,1,31,.)
(3,1,34,.)
(3,1,36,6)
(3,1,37,#)
(3,1,39,2)
(3,1,43,3)
(3,1,44,#)
(3,1,45,#)
(3,2,0,.)
(3,2,1,2)
(3,2,2,.)
(3,2,5,.)
(3,2,11,#)
(3,2,14,#)
(3,2,22,.)
(3,2,25,#)
(3,2,30,.)
(3,2,37,#)
(3,2,38,.)
(3,2,40,6)
(3,2,43,2)
(3,2,44,#)
(3,2,45,#)
(3,2,47,#)
(3,3,3,.)
(3,3,4,9)
(3,3,9,7)
(3,3,10,.)
(3,3,12,8)
(3,3,14,2)
(3,3,15,3)
(3,3,16,6)
(3,3,20,4)
(3,3,22,.)
(3,3,27,.)
(3,3,28,#)
(3,3,29,4)
(3,3,35,#)
(3,3,39,.)
(3,3,41,3)
(3,3,43,3)
(3,3,48,5)
(3,4,0,.)
(3,4,10,9)
(3,4,11,1)
(3,4,21,.)
(3,4,23,3)
(3,4,27,#)
(3,4,29,7)
(3,4,30,.)
(3,4,31,#)
(3,4,41,.)
(3,4,42,#)
(3,4,46,.)
(3,5,1,.)
(3,5,3,4)
(3,5,5,#)
(3,5,10,#)
(3,5,11,3)
(3,5,12,.)
(3,5,14,.)
(3,5,18,.)
(3,5,21,.)
(3,5,24,6)
(3,5,40,.)
(3,5,41,.)
(3,5,44,.)
(3,5,48,1)
(3,6,3,.)
(3,6,6,8)
(3,6,11,8)
(3,6,14,.)
(3,6,16,7)
(3,6,18,#)
(3,6,28,#)
(3,6,30,#)
(3,6,33,#)
(3,6,38,.)
(3,6,41,#)
(3,6,44,#)
(3,7,0,#)
(3,7,8,8)
(3,7,18,#)
(3,7,23,.)
(3,7,28,#)
(3,8,1,7)
(3,8,4,5)
(3,8,5,#)
(3,8,6,#)
(3,8,12,S)
(3,8,14,6)
(3,8,16,.)
(3,8,19,8)
(3,8,21,3)
(3,8,25,.)
(3,8,28,#)
(3,8,30,.)
(3,8,34,9)
(3,8,38,5)
(3,8,39,.)
(3,8,40,9)
(3,9,3,#)
(3,9,5,.)
(3,9,8,1)
(3,9,9,#)
(3,9,16,4)
(3,9,20,#)
(3,9,21,4)
(3,9,25,#)
(3,9,34,.)
(3,9,38,C)
(3,9,41,.)
(3,9,42,.)
(3,9,44,#)
(3,9,45,5)
(3,9,49,#)
(3,10,1,#)
(3,10,11,#)
(3,10,13,#)
(3,10,16,.)
(3,10,19,#)
(3,10,22,#)
(3,10,24,6)
(3,10,25,#)
(3,10,26,#)
(3,10,30,#)
(3,10,33,.)
(3,10,43,.)
(3,10,46,2)
(3,10,49,.)
(3,11,0,.)
(3,11,1,#)
(3,11,4,7)
(3,11,16,.)
(3,11,18,#)
(3,11,20,#)
(3,11,22,#)
(3,11,27,.)
(3,11,30,.)
(3,11,32,#)
(3,11,33,.)
(3,11,35,.)
(3,11,36,.)
(3,11,40,.)
(3,11,46,.)
(3,11,47,#)
(3,11,48,.)
(3,12,4,5)
(3,12,5,9)
(3,12,8,8)
(3,12,9,3)
(3,12,18,8)
(3,12,19,5)
(3,12,25,8)
(3,12,26,#)
(3,12,29,1)
(3,12,30,.)
(3,12,32,8)
(3,12,35,#)
(3,12,36,#)
(3,12,38,.)
(3,12,41,.)
(3,12,45,#)
(3,12,48,#)
(3,13,7,5)
(3,13,9,#)
(3,13,12,#)
(3,13,13,#)
(3,13,14,#)
(3,13,18,8)
(3,13,20,.)
(3,13,34,.)
(3,13,37,7)
(3,13,38,8)
(3,13,41,.)
(3,13,43,5)
(3,13,45,#)
(3,13,48,#)
(3,14,3,#)
(3,14,7,#)
(3,14,16,#)
(3,14,17,4)
(3,14,20,#)
(3,14,24,.)
(3,14,25,#)
(3,14,30,6)
(3,14,31,5)
(3,14,36,8)
(3,14,43,1)
(3,14,44,2)
(3,14,45,#)
(3,15,0,.)
(3,15,1,#)
(3,15,2,3)
(3,15,8,2)
(3,15,9,.)
(3,15,10,.)
(3,15,11,#)
(3,15,12,.)
(3,15,15,.)
(3,15,18,#)
(3,15,25,#)
(3,15,27,#)
(3,15,32,.)
(3,15,37,#)
(3,15,42,.)
(3,15,43,#)
(3,15,44,#)
(3,15,45,9)
(3,15,46,.)
(3,15,47,#)
(3,16,1,#)
(3,16,2,#)
(3,16,5,#)
(3,16,7,2)
(3,16,10,4)
(3,16,11,#)
(3,16,12,#)
(3,16,13,#)
(3,16,16,.)
(3,16,27,.)
(3,16,31,.)
(3,16,33,#)
(3,16,35,.)
(3,16,39,7)
(3,16,42,#)
(3,16,43,.)
(3,16,45,.)
(3,16,46,3)
(3,17,2,.)
(3,17,3,#)
(3,17,4,.)
(3,17,6,.)
(3,17,10,.)
(3,17,16,.)
(3,17,20,9)
(3,17,21,#)
(3,17,22,1)
(3,17,26,3)
(3,17,28,8)
(3,17,29,.)
(3,17,30,4)
(3,17,32,#)
(3,17,33,#)
(3,17,38,9)
(3,17,40,#)
(3,17,42,7)
(3,17,43,#)
(3,17,45,.)
(3,17,46,#)
(3,17,47,#)
(3,17,49,.)
(3,18,0,#)
(3,18,1,#)
(3,18,3,.)
(3,18,5,.)
(3,18,10,7)
(3,18,11,.)
(3,18,17,.)
(3,18,18,7)
(3,18,19,4)
(3,18,20,6)
(3,18,24,#)
(3,18,25,#)
(3,18,28,#)
(3,18,33,#)
(3,18,34,3)
(3,18,41,#)
(3,18,45,#)
(3,19,0,#)
(3,19,3,7)
(3,19,5,#)
(3,19,6,6)
(3,19,9,2)
(3,19,11,.)
(3,19,16,.)
(3,19,22,.)
(3,19,28,2)
(3,19,33,#)
(3,19,34,.)
(3,19,36,.)
(3,19,46,.)
(3,20,4,#)
(3,20,10,#)
(3,20,18,9)
(3,20,23,.)
(3,20,28,#)
(3,20,32,.)
(3,20,34,.)
(3,20,37,#)
(3,20,40,#)
(3,20,47,#)
(3,20,48,.)
(3,21,5,.)
(3,21,8,.)
(3,21,10,.)
(3,21,12,8)
(3,21,13,3)
(3,21,17,6)
(3,21,20,6)
(3,21,29,#)
(3,21,31,5)
(3,21,39,6)
(3,21,41,5)
(3,21,43,#)
(3,21,46,3)
(3,22,2,#)
(3,22,4,9)
(3,22,6,.)
(3,22,16,1)
(3,22,18,.)
(3,22,19,1)
(3,22,20,3)
(3,22,21,2)
(3,22,23,3)
(3,22,25,1)
(3,22,26,8)
(3,22,31,1)
(3,22,32,6)
(3,22,38,#)
(3,22,42,.)
(3,22,43,2)
(3,22,44,.)
(3,22,45,.)
(3,22,48,.)
(3,23,4,.)
(3,23,6,3)
(3,23,9,2)
(3,23,10,.)
(3,23,12,.)
(3,23,24,#)
(3,23,25,.)
(3,23,29,8)
(3,23,30,.)
(3,23,32,8)
(3,23,37,#)
(3,23,39,4)
(3,23,41,.)
(3,23,42,3)
(3,23,43,.)
(3,24,5,#)
(3,24,9,5)
(3,24,15,.)
(3,24,29,#)
(3,24,33,3)
(3,24,35,.)
(3,24,37,2)
(3,24,39,5)
(3,24,40,#)
(3,24,41,#)
(3,24,43,.)
(3,24,48,1)
(3,25,3,#)
(3,25,4,#)
(3,25,10,#)
(3,25,18,#)
(3,25,20,.)
(3,25,27,8)
(3,25,31,.)
(3,25,36,6)
(3,25,39,.)
(3,25,48,2)
(3,25,49,.)
(3,26,5,.)
(3,26,6,6)
(3,26,10,3)
(3,26,14,#)
(3,26,17,.)
(3,26,21,4)
(3,26,24,.)
(3,26,33,#)
(3,26,36,1)
(3,26,40,4)
(3,26,48,.)
(3,27,1,2)
(3,27,4,.)
(3,27,5,4)
(3,27,11,.)
(3,27,12,#)
(3,27,14,#)
(3,27,16,#)
(3,27,19,.)
(3,27,22,.)
(3,27,23,#)
(3,27,27,4)
(3,27,29,9)
(3,27,31,#)
(3,27,34,#)
(3,27,40,#)
(3,27,41,#)
(3,27,42,7)
(3,27,45,#)
(3,27,49,.)
(3,28,2,#)
(3,28,9,.)
(3,28,11,#)
(3,28,12,4)
(3,28,17,#)
(3,28,18,8)
(3,28,21,.)
(3,28,23,.)
(3,28,26,#)
(3,28,34,#)
(3,28,35,#)
(3,28,38,.)
(3,28,40,7)
(3,28,41,1)
(3,28,43,1)
(3,28,47,#)
(3,28,48,6)
(3,29,1,.)
(3,29,4,7)
(3,29,8,8)
(3,29,9,.)
(3,29,23,6)
(3,29,25,.)
(3,29,27,.)
(3,29,28,6)
(3,29,40,.)
(3,29,42,8)
(3,29,43,7)
(3,30,3,#)
(3,30,13,8)
(3,30,14,7)
(3,30,17,#)
(3,30,22,8)
(3,30,23,5)
(3,30,27,.)
(3,30,31,5)
(3,30,32,.)
(3,30,34,#)
(3,30,36,#)
(3,30,37,#)
(3,30,39,1)
(3,30,44,1)
(3,30,48,7)
(3,30,49,.)
(3,31,3,#)
(3,31,6,6)
(3,31,16,5)
(3,31,18,.)
(3,31,19,2)
(3,31,20,5)
(3,31,23,#)
(3,31,31,.)
(3,31,39,#)
(3,31,40,.)
(3,31,44,6)
(3,31,46,8)
(3,31,49,.)
(3,32,3,8)
(3,32,6,7)
(3,32,7,#)
(3,32,9,7)
(3,32,14,#)
(3,32,17,#)
(3,32,18,#)
(3,32,23,#)
(3,32,29,#)
(3,32,36,#)
(3,32,37,1)
(3,32,39,.)
(3,32,42,.)
(3,32,44,#)
(3,32,45,7)
(3,32,48,#)
(3,33,1,#)
(3,33,7,.)
(3,33,11,#)
(3,33,13,8)
(3,33,15,.)
(3,33,23,#)
(3,33,24,6)
(3,33,31,.)
(3,33,35,8)
(3,33,38,9)
(3,33,41,.)
(3,33,42,.)
(3,33,44,5)
(3,33,48,4)
(3,33,49,#)
(3,34,1,.)
(3,34,5,#)
(3,34,17,9)
(3,34,20,2)
(3,34,25,#)
(3,34,26,#)
(3,34,28,6)
(3,34,31,4)
(3,34,35,.)
(3,34,36,#)
(3,34,37,4)
(3,34,39,.)
(3,34,49,#)
(3,35,7,.)
(3,35,8,.)
(3,35,10,.)
(3,35,11,.)
(3,35,15,#)
(3,35,21,6)
(3,35,29,8)
(3,35,31,6)
(3,35,38,#)
(3,35,39,#)
(3,35,40,#)
(3,35,42,3)
(3,36,6,4)
(3,36,7,.)
(3,36,8,3)
(3,36,11,#)
(3,36,15,5)
(3,36,23,1)
(3,36,32,#)
(3,36,42,2)
(3,36,43,.)
(3,36,48,6)
(3,36,49,#)
(3,37,4,9)
(3,37,8,4)
(3,37,10,6)
(3,37,18,.)
(3,37,20,5)
(3,37,24,#)
(3,37,26,.)
(3,37,31,#)
(3,37,39,#)
(3,37,41,#)
(3,38,1,#)
(3,38,3,#)
(3,38,9,#)
(3,38,11,.)
(3,38,13,8)
(3,38,14,1)
(3,38,17,#)
(3,38,19,#)
(3,38,20,3)
(3,38,25,#)
(3,38,27,4)
(3,38,30,.)
(3,38,31,#)
(3,38,32,9)
(3,38,34,#)
(3,38,35,3)
(3,38,39,4)
(3,38,40,#)
(3,38,44,#)
(3,38,49,.)
(3,39,6,.)
(3,39,9,#)
(3,39,10,#)
(3,39,11,7)
(3,39,15,8)
(3,39,19,.)
(3,39,22,9)
(3,39,34,.)
(3,39,37,.)
(3,39,39,.)
(3,39,42,7)
(3,39,43,#)
(3,39,44,.)
(3,39,45,1)
(3,39,46,.)
(3,39,47,5)
(3,39,48,6)
(3,40,3,4)
(3,40,4,1)
(3,40,6,7)
(3,40,12,2)
(3,40,18,.)
(3,40,28,#)
(3,40,31,#)
(3,40,32,.)
(3,40,33,2)
(3,40,34,.)
(3,40,35,#)
(3,40,37,.)
(3,40,41,.)
(3,40,46,.)
(3,41,0,2)
(3,41,4,.)
(3,41,7,#)
(3,41,12,.)
(3,41,14,1)
(3,41,15,3)
(3,41,16,2)
(3,41,19,.)
(3,41,24,1)
(3,41,26,.)
(3,41,30,.)
(3,41,34,#)
(3,41,35,.)
(3,41,37,3)
(3,41,38,#)
(3,41,40,#)
(3,41,41,#)
(3,42,1,4)
(3,42,2,.)
(3,42,5,#)
(3,42,7,#)
(3,42,9,#)
(3,42,13,.)
(3,42,20,#)
(3,42,30,2)
(3,42,31,3)
(3,42,40,.)
(3,42,48,2)
(3,43,0,.)
(3,43,2,2)
(3,43,6,#)
(3,43,10,.)
(3,43,11,1)
(3,43,13,.)
(3,43,18,5)
(3,43,19,7)
(3,43,21,.)
(3,43,25,#)
(3,43,26,.)
(3,43,29,#)
(3,43,30,#)
(3,43,40,#)
(3,43,43,#)
(3,43,44,5)
(3,43,47,#)
(3,44,0,#)
(3,44,2,#)
(3,44,3,5)
(3,44,10,.)
(3,44,16,#)
(3,44,18,#)
(3,44,20,#)
(3,44,21,#)
(3,44,24,#)
(3,44,25,1)
(3,44,27,#)
(3,44,35,.)
(3,44,40,#)
(3,44,44,.)
(3,44,45,.)
(3,45,3,#)
(3,45,4,4)
(3,45,6,6)
(3,45,7,4)
(3,45,9,1)
(3,45,17,#)
(3,45,18,8)
(3,45,23,#)
(3,45,25,#)
(3,45,26,2)
(3,45,29,1)
(3,45,31,7)
(3,45,32,#)
(3,45,35,#)
(3,45,39,.)
(3,45,45,#)
(3,45,49,4)
(3,46,0,3)
(3,46,2,#)
(3,46,9,#)
(3,46,12,#)
(3,46,13,.)
(3,46,19,5)
(3,46,23,.)
(3,46,24,8)
(3,46,29,.)
(3,46,31,#)
(3,46,36,3)
(3,46,37,6)
(3,46,38,3)
(3,46,40,.)
(3,46,42,#)
(3,46,43,#)
(3,46,48,#)
(3,47,0,#)
(3,47,1,#)
(3,47,17,#)
(3,47,18,.)
(3,47,20,8)
(3,47,22,.)
(3,47,30,.)
(3,47,31,4)
(3,47,39,8)
(3,48,1,#)
(3,48,5,2)
(3,48,8,.)
(3,48,11,#)
(3,48,12,3)
(3,48,16,#)
(3,48,20,5)
(3,48,24,5)
(3,48,27,7)
(3,48,29,#)
(3,48,30,#)
(3,48,31,5)
(3,48,36,2)
(3,48,37,#)
(3,48,41,.)
(3,48,42,.)
(3,48,43,.)
(3,48,44,5)
(3,48,46,#)
(3,49,4,8)
(3,49,12,.)
(3,49,17,#)
(3,49,18,7)
(3,49,23,.)
(3,49,25,3)
(3,49,30,.)
(3,49,31,.)
(3,49,36,#)
(3,49,38,5)
(3,49,40,7)
(3,49,41,#)
(3,49,42,#)
//castle room 4
(4,0,6,2)
(4,0,7,#)
(4,0,17,6)
(4,0,22,#)
(4,0,24,#)
(4,0,25,#)
(4,0,26,3)
(4,0,34,.)
(4,0,41,.)
(4,0,46,.)
(4,0,48,.)
(4,0,49,6)
(4,1,0,8)
(4,1,2,.)
(4,1,4,#)
(4,1,5,#)
(4,1,10,.)
(4,1,12,4)
(4,1,18,.)
(4,1,20,5)
(4,1,21,3)
(4,1,25,.)
(4,1,28,.)
(4,1,31,#)
(4,1,41,4)
(4,1,44,#)
(4,1,46,#)
(4,1,49,#)
(4,2,1,#)
(4,2,4,#)
(4,2,7,.)
(4,2,8,2)
(4,2,16,.)
(4,2,19,6)
(4,2,21,2)
(4,2,23,#)
(4,2,29,2)
(4,2,33,#)
(4,2,40,9)
(4,2,43,#)
(4,2,44,.)
(4,3,3,#)
(4,3,4,1)
(4,3,19,9)
(4,3,33,#)
(4,3,38,#)
(4,3,41,8)
(4,3,42,.)
(4,3,45,5)
(4,4,0,4)
(4,4,3,#)
(4,4,6,#)
(4,4,14,#)
(4,4,15,#)
(4,4,22,#)
(4,4,23,#)
(4,4,27,7)
(4,4,28,7)
(4,4,31,.)
(4,4,35,#)
(4,4,37,#)
(4,4,40,5)
(4,4,45,6)
(4,4,48,#)
(4,5,8,.)
(4,5,20,#)
(4,5,29,1)
(4,5,30,#)
(4,5,37,2)
(4,5,38,#)
(4,5,44,.)
(4,5,46,#)
(4,5,47,#)
(4,6,2,.)
(4,6,5,.)
(4,6,10,6)
(4,6,13,1)
(4,6,14,#)
(4,6,16,5)
(4,6,20,.)
(4,6,21,#)
(4,6,23,9)
(4,6,24,.)
(4,6,30,#)
(4,6,32,.)
(4,6,33,#)
(4,6,37,.)
(4,6,38,.)
(4,6,39,9)
(4,6,41,#)
(4,6,42,#)
(4,6,46,#)
(4,7,2,4)
(4,7,3,#)
(4,7,4,5)
(4,7,5,.)
(4,7,8,5)
(4,7,10,.)
(4,7,13,#)
(4,7,14,1)
(4,7,15,7)
(4,7,17,#)
(4,7,20,#)
(4,7,26,4)
(4,7,27,2)
(4,7,30,#)
(4,7,31,#)
(4,7,36,#)
(4,7,39,#)
(4,7,41,.)
(4,7,46,.)
(4,8,0,.)
(4,8,3,.)
(4,8,13,6)
(4,8,16,.)
(4,8,17,#)
(4,8,19,9)
(4,8,24,4)
(4,8,25,.)
(4,8,29,#)
(4,8,31,#)
(4,8,32,#)
(4,8,36,#)
(4,8,37,6)
(4,8,43,#)
(4,8,47,#)
(4,8,49,.)
(4,9,1,.)
(4,9,7,#)
(4,9,11,6)
(4,9,14,2)
(4,9,19,.)
(4,9,21,.)
(4,9,22,#)
(4,9,29,#)
(4,9,30,5)
(4,9,31,.)
(4,9,32,3)
(4,9,35,5)
(4,9,36,2)
(4,9,38,#)
(4,10,1,.)
(4,10,5,7)
(4,10,8,7)
(4,10,18,#)
(4,10,25,#)
(4,10,26,.)
(4,10,27,#)
(4,10,32,.)
(4,10,35,#)
(4,10,37,#)
(4,10,46,#)
(4,11,3,#)
(4,11,5,2)
(4,11,6,2)
(4,11,13,.)
(4,11,15,6)
(4,11,16,#)
(4,11,17,#)
(4,11,18,#)
(4,11,27,.)
(4,11,31,#)
(4,11,32,#)
(4,11,35,.)
(4,11,38,.)
(4,11,39,#)
(4,12,1,#)
(4,12,2,6)
(4,12,4,#)
(4,12,6,#)
(4,12,11,.)
(4,12,12,6)
(4,12,24,7)
(4,12,25,.)
(4,12,26,7)
(4,12,27,#)
(4,12,29,#)
(4,12,32,4)
(4,12,33,#)
(4,12,34,#)
(4,12,39,.)
(4,12,40,#)
(4,12,45,#)
(4,12,46,#)
(4,13,1,8)
(4,13,5,#)
(4,13,9,#)
(4,13,15,#)
(4,13,22,#)
(4,13,24,.)
(4,13,25,6)
(4,13,33,#)
(4,13,34,#)
(4,13,40,#)
(4,13,43,#)
(4,13,45,1)
(4,13,48,#)
(4,13,49,#)
(4,14,1,#)
(4,14,2,8)
(4,14,13,1)
(4,14,17,#)
(4,14,18,8)
(4,14,22,#)
(4,14,24,4)
(4,14,26,#)
(4,14,27,8)
(4,14,33,#)
(4,14,36,.)
(4,14,37,5)
(4,14,39,#)
(4,14,42,3)
(4,14,43,#)
(4,15,8,4)
(4,15,12,9)
(4,15,16,.)
(4,15,17,6)
(4,15,20,#)
(4,15,21,.)
(4,15,23,.)
(4,15,32,#)
(4,15,35,6)
(4,15,39,5)
(4,15,40,7)
(4,15,43,.)
(4,15,45,.)
(4,15,46,#)
(4,15,47,8)
(4,16,1,1)
(4,16,3,#)
(4,16,4,3)
(4,16,6,.)
(4,16,9,#)
(4,16,10,#)
(4,16,12,#)
(4,16,14,.)
(4,16,16,.)
(4,16,18,6)
(4,16,19,5)
(4,16,23,#)
(4,16,25,.)
(4,16,26,#)
(4,16,29,.)
(4,16,30,#)
(4,16,31,#)
(4,16,33,.)
(4,16,42,1)
(4,16,46,.)
(4,16,47,#)
(4,17,3,#)
(4,17,4,2)
(4,17,11,9)
(4,17,13,.)
(4,17,14,4)
(4,17,16,.)
(4,17,21,.)
(4,17,26,8)
(4,17,28,#)
(4,17,30,#)
(4,17,32,7)
(4,17,37,#)
(4,17,39,#)
(4,17,41,.)
(4,17,42,#)
(4,17,45,.)
(4,18,3,6)
(4,18,4,.)
(4,18,12,5)
(4,18,15,6)
(4,18,16,#)
(4,18,22,8)
(4,18,23,6)
(4,18,24,.)
(4,18,29,.)
(4,18,31,2)
(4,18,33,.)
(4,18,37,6)
(4,18,45,.)
(4,18,49,.)
(4,19,11,.)
(4,19,12,3)
(4,19,13,#)
(4,19,17,5)
(4,19,19,.)
(4,19,20,8)
(4,19,22,9)
(4,19,24,#)
(4,19,30,#)
(4,19,38,.)
(4,19,39,#)
(4,19,42,#)
(4,19,43,4)
(4,19,45,.)
(4,19,48,3)
(4,20,3,6)
(4,20,11,#)
(4,20,15,#)
(4,20,16,9)
(4,20,17,#)
(4,20,19,.)
(4,20,22,1)
(4,20,24,.)
(4,20,29,1)
(4,20,30,4)
(4,20,33,5)
(4,20,48,#)
(4,20,49,8)
(4,21,0,#)
(4,21,1,7)
(4,21,2,.)
(4,21,5,#)
(4,21,7,8)
(4,21,10,#)
(4,21,11,.)
(4,21,12,#)
(4,21,21,.)
(4,21,23,2)
(4,21,24,#)
(4,21,26,#)
(4,21,27,#)
(4,21,28,.)
(4,21,32,8)
(4,21,35,#)
(4,21,36,#)
(4,21,38,.)
(4,21,39,#)
(4,21,40,5)
(4,21,44,#)
(4,21,45,.)
(4,21,47,3)
(4,21,48,1)
(4,22,2,9)
(4,22,15,8)
(4,22,17,3)
(4,22,21,#)
(4,22,22,6)
(4,22,26,#)
(4,22,32,#)
(4,22,35,8)
(4,22,42,5)
(4,22,48,4)
(4,22,49,.)
(4,23,4,.)
(4,23,6,6)
(4,23,15,4)
(4,23,16,2)
(4,23,21,1)
(4,23,25,#)
(4,23,27,.)
(4,23,29,.)
(4,23,30,3)
(4,23,35,.)
(4,23,40,.)
(4,23,47,3)
(4,24,3,#)
(4,24,6,#)
(4,24,8,.)
(4,24,9,9)
(4,24,13,2)
(4,24,14,.)
(4,24,27,2)
(4,24,30,1)
(4,24,37,1)
(4,24,45,2)
(4,24,46,#)
(4,25,2,7)
(4,25,4,#)
(4,25,5,#)
(4,25,10,#)
(4,25,12,.)
(4,25,14,.)
(4,25,19,#)
(4,25,20,#)
(4,25,24,.)
(4,25,26,#)
(4,25,34,#)
(4,25,36,#)
(4,25,41,.)
(4,25,43,#)
(4,25,46,3)
(4,26,1,#)
(4,26,5,#)
(4,26,11,#)
(4,26,13,#)
(4,26,15,#)
(4,26,16,#)
(4,26,20,4)
(4,26,21,3)
(4,26,23,#)
(4,26,29,3)
(4,26,30,.)
(4,26,37,.)
(4,26,40,4)
(4,26,43,#)
(4,26,46,.)
(4,26,47,5)
(4,27,0,#)
(4,27,2,.)
(4,27,6,#)
(4,27,9,3)
(4,27,12,.)
(4,27,21,6)
(4,27,23,#)
(4,27,27,.)
(4,27,29,#)
(4,27,37,.)
(4,27,38,#)
(4,27,39,#)
(4,27,41,#)
(4,27,42,#)
(4,27,43,.)
(4,27,44,.)
(4,28,9,.)
(4,28,11,6)
(4,28,12,1)
(4,28,13,.)
(4,28,14,.)
(4,28,17,8)
(4,28,18,.)
(4,28,25,#)
(4,28,26,.)
(4,28,33,#)
(4,28,34,#)
(4,28,35,3)
(4,28,40,#)
(4,28,41,.)
(4,28,45,#)
(4,29,2,#)
(4,29,9,#)
(4,29,12,#)
(4,29,14,3)
(4,29,17,#)
(4,29,19,.)
(4,29,21,2)
(4,29,22,2)
(4,29,25,.)
(4,29,27,.)
(4,29,30,.)
(4,29,31,#)
(4,29,32,#)
(4,29,34,#)
(4,29,35,#)
(4,29,37,.)
(4,29,43,5)
(4,29,47,#)
(4,29,49,.)
(4,30,1,.)
(4,30,6,#)
(4,30,7,1)
(4,30,8,.)
(4,30,10,#)
(4,30,11,#)
(4,30,13,9)
(4,30,16,.)
(4,30,19,.)
(4,30,20,9)
(4,30,23,#)
(4,30,25,4)
(4,30,26,#)
(4,30,28,#)
(4,30,30,#)
(4,30,33,5)
(4,30,35,.)
(4,30,40,#)
(4,30,41,.)
(4,30,42,2)
(4,30,44,.)
(4,30,47,#)
(4,31,5,4)
(4,31,10,#)
(4,31,13,.)
(4,31,14,.)
(4,31,16,6)
(4,31,21,.)
(4,31,27,6)
(4,31,29,5)
(4,31,33,6)
(4,31,38,#)
(4,32,2,5)
(4,32,5,.)
(4,32,10,#)
(4,32,11,.)
(4,32,20,5)
(4,32,23,5)
(4,32,25,#)
(4,32,33,.)
(4,32,40,#)
(4,32,47,#)
(4,33,3,5)
(4,33,4,#)
(4,33,5,.)
(4,33,6,2)
(4,33,8,.)
(4,33,10,7)
(4,33,14,3)
(4,33,19,.)
(4,33,23,#)
(4,33,29,#)
(4,33,34,#)
(4,34,8,7)
(4,34,9,#)
(4,34,15,8)
(4,34,20,.)
(4,34,24,8)
(4,34,25,#)
(4,34,26,#)
(4,34,27,#)
(4,34,33,#)
(4,34,34,1)
(4,34,40,#)
(4,34,42,7)
(4,34,45,.)
(4,35,6,4)
(4,35,7,5)
(4,35,9,.)
(4,35,11,.)
(4,35,13,.)
(4,35,32,#)
(4,35,41,#)
(4,36,1,#)
(4,36,3,#)
(4,36,5,5)
(4,36,13,.)
(4,36,18,#)
(4,36,19,.)
(4,36,20,#)
(4,36,21,6)
(4,36,24,#)
(4,36,27,2)
(4,36,29,.)
(4,36,31,.)
(4,36,32,2)
(4,36,33,#)
(4,36,36,7)
(4,36,43,#)
(4,36,44,4)
(4,36,45,.)
(4,36,48,9)
(4,37,4,.)
(4,37,7,5)
(4,37,10,8)
(4,37,12,.)
(4,37,13,3)
(4,37,18,.)
(4,37,19,.)
(4,37,22,#)
(4,37,27,3)
(4,37,31,.)
(4,37,35,#)
(4,37,38,.)
(4,37,41,.)
(4,37,42,.)
(4,37,46,2)
(4,38,0,#)
(4,38,6,#)
(4,38,7,.)
(4,38,9,.)
(4,38,10,.)
(4,38,12,#)
(4,38,13,6)
(4,38,16,.)
(4,38,18,#)
(4,38,19,4)
(4,38,25,#)
(4,38,26,#)
(4,38,27,2)
(4,38,34,#)
(4,38,37,.)
(4,38,38,4)
(4,38,40,.)
(4,38,41,.)
(4,38,45,.)
(4,39,3,7)
(4,39,4,.)
(4,39,5,7)
(4,39,10,#)
(4,39,14,#)
(4,39,16,5)
(4,39,17,#)
(4,39,19,1)
(4,39,24,3)
(4,39,27,#)
(4,39,30,3)
(4,39,35,.)
(4,39,48,#)
(4,40,3,5)
(4,40,7,2)
(4,40,8,#)
(4,40,10,#)
(4,40,16,4)
(4,40,17,7)
(4,40,22,9)
(4,40,32,7)
(4,40,33,4)
(4,40,42,.)
(4,40,43,3)
(4,40,46,#)
(4,40,49,.)
(4,41,1,7)
(4,41,3,#)
(4,41,11,#)
(4,41,12,#)
(4,41,15,1)
(4,41,16,.)
(4,41,17,.)
(4,41,21,.)
(4,41,22,#)
(4,41,25,.)
(4,41,30,.)
(4,41,33,7)
(4,41,35,8)
(4,41,39,.)
(4,41,40,#)
(4,41,41,.)
(4,41,42,#)
(4,41,43,8)
(4,41,47,#)
(4,41,49,2)
(4,42,2,6)
(4,42,3,#)
(4,42,4,#)
(4,42,12,#)
(4,42,14,#)
(4,42,15,#)
(4,42,17,.)
(4,42,21,#)
(4,42,23,#)
(4,42,24,.)
(4,42,25,.)
(4,42,28,#)
(4,42,29,6)
(4,42,31,5)
(4,42,33,#)
(4,42,34,.)
(4,42,37,.)
(4,42,42,1)
(4,42,45,6)
(4,42,47,.)
(4,43,0,#)
(4,43,2,#)
(4,43,3,#)
(4,43,7,.)
(4,43,16,2)
(4,43,18,#)
(4,43,20,6)
(4,43,22,4)
(4,43,23,3)
(4,43,27,#)
(4,43,30,#)
(4,43,31,2)
(4,43,33,4)
(4,43,35,#)
(4,43,36,#)
(4,43,37,.)
(4,44,4,5)
(4,44,7,.)
(4,44,11,6)
(4,44,13,.)
(4,44,14,8)
(4,44,15,.)
(4,44,17,.)
(4,44,19,7)
(4,44,24,#)
(4,44,28,8)
(4,44,30,1)
(4,44,38,.)
(4,44,40,3)
(4,44,46,#)
(4,44,48,#)
(4,44,49,.)
(4,45,0,#)
(4,45,1,.)
(4,45,4,1)
(4,45,11,.)
(4,45,13,#)
(4,45,14,#)
(4,45,25,8)
(4,45,30,#)
(4,45,38,#)
(4,45,40,.)
(4,45,43,#)
(4,45,45,4)
(4,45,49,7)
(4,46,9,#)
(4,46,11,#)
(4,46,13,#)
(4,46,15,#)
(4,46,16,.)
(4,46,19,#)
(4,46,21,#)
(4,46,27,#)
(4,46,29,8)
(4,46,30,#)
(4,46,33,#)
(4,46,35,2)
(4,46,37,#)
(4,46,39,5)
(4,46,41,.)
(4,46,42,#)
(4,46,43,#)
(4,46,49,.)
(4,47,0,#)
(4,47,7,.)
(4,47,11,#)
(4,47,12,7)
(4,47,15,.)
(4,47,16,.)
(4,47,20,8)
(4,47,24,1)
(4,47,27,9)
(4,47,37,.)
(4,47,38,.)
(4,47,41,6)
(4,47,46,#)
(4,47,48,.)
(4,48,4,1)
(4,48,11,#)
(4,48,12,9)
(4,48,17,9)
(4,48,22,4)
(4,48,24,4)
(4,48,25,7)
(4,48,27,.)
(4,48,32,#)
(4,48,34,.)
(4,48,35,#)
(4,48,37,#)
(4,48,38,.)
(4,48,45,.)
(4,48,46,#)
(4,48,49,3)
(4,49,7,.)
(4,49,10,1)
(4,49,11,.)
(4,49,12,5)
(4,49,15,.)
(4,49,16,1)
(4,49,17,4)
(4,49,21,8)
(4,49,22,#)
(4,49,40,.)
(4,49,41,.)
(4,49,44,.)
(4,49,46,#)
(4,49,49,#)
